upper:
      .591684     .080018
      .568702     .082993
      .545639     .085738
      .522513     .088258
      .499430     .090554
      .476566     .092614
      .454072     .094403
      .431995     .095895
      .410294     .097071
      .388861     .097921
      .367573     .098442
      .346388     .098639
      .325379     .098515
      .304709     .098082
      .284607     .097358
      .265268     .096331
      .246760     .094982
      .229050     .093299
      .212050     .091271
      .195647     .088882
      .179740     .086151
      .164352     .083173
      
lower:
      .159231    -.031810
      .174904    -.032262
      .191662    -.032676
      .209377    -.032983
      .227998    -.033143
      .247479    -.033159
      .267742    -.033043
      .288681    -.032816
      .310171    -.032506
      .332084    -.032133
      .354298    -.031704
      .376715    -.031223
      .399267    -.030698
      .421919    -.030133
      .444651    -.029528
      .467424    -.028886
      .490178    -.028205
      .512837    -.027489
      .535325    -.026730
      .557614    -.025913
      .579736    -.025022
      .601770    -.024037
      