upper:
      .586587     .082692
      .563404     .085538
      .540406     .088157
      .517648     .090528
      .495160     .092632
      .472957     .094457
      .451026     .095994
      .429321     .097236
      .407767     .098176
      .386265     .098806
      .364720     .099133
      .343115     .099175
      .321535     .098950
      .300157     .098484
      .279230     .097798
      .258994     .096863
      .239603     .095658
      .221132     .094172
      .203596     .092408
      .186973     .090379
      .171256     .088118
      .156477     .085673

lower:
      .150974	 -.028564
      .158259    -.028643
      .174405    -.028762
      .192158    -.028850
      .211389    -.028920
      .231771    -.028972
      .252859    -.028980
      .274235    -.028920
      .295653    -.028765
      .317092    -.028496
      .338665    -.028111
      .360477    -.027619
      .382589    -.027025
      .405019    -.026340
      .427732    -.025574
      .450669    -.024739
      .473765    -.023851
      .496956    -.022924
      .520177    -.021971
      .543371    -.020993
      .566507    -.019982
      .589575    -.018931
   