upper:
      .587318     .091309
      .563657     .094513
      .539987     .097437
      .516361     .100076
      .492910     .102420
      .469813     .104451
      .447165     .106148
      .424926     .107498
      .402941     .108497
      .380963     .109136
      .358747     .109431
      .336250     .109408
      .313716     .109099
      .291665     .108560
      .270700     .107812
      .251134     .106798
      .232945     .105479
      .215961     .103835
      .199973     .101852
      .184778     .099517
      .170246     .096864
      .156358     .093953
      
lower:
      .153006    -.043214
      .159653    -.043419
      .174081    -.043662
      .189823    -.043727
      .207029    -.043618
      .225745    -.043338
      .245876    -.042885
      .267199    -.042276
      .289405    -.041547
      .312202    -.040749
      .335382    -.039910
      .358801    -.039027
      .382364    -.038091
      .406035    -.037095
      .429842    -.036030
      .453816    -.034904
      .477963    -.033724
      .502250    -.032503
      .526613    -.031250
      .550985    -.029967
      .575324    -.028653
      .599623    -.027304
